12
3
412
3
412
3
412
3
412
3
412
3
412
3
412
3
412
3
412
3
412
3
412
3
412
3
412
3
412
3
412
3
412
3
412
3
412
3
412
3
412
3
412
3
412
3
412
3
412
3
412
3
412
3
412
3
412
3
412
3
412
3
412
3
412
3
412
3
412
3
412
3
412
3
412
3
412
3
412
3
412
3
412
3
412
3
412
3
412
3
412
3
412
3
412
3
412
3
412
3
412
3
412
3
412
3
412
3
412
3
412
3
412
3
412
3
412
3
412
3
412
3
412
3
412
3
412
3
412
3
412
3
412
3
412
3
412
3
412
3
412
3
412
3
412
3
412
3
412
3
412
3
412
3
412
3
412
3
412
3
412
3
412
3
412
3
412
3
412
3
412
3
412
3
412
3
412
3
412
3
412
3
412
3
412
3
412
3
412
3
412
3
412
3
412
3
412
3
412
3
412
3
412
3
412
3
412
3
412
3
412
3
412
3
412
3
412
3
412
3
412
3
412
3
412
3
412
3
412
3
412
3
412
3
412
3
412
3
412
3
412
3
4
